274.731  323.121
270.823  267.087
266.97  295.858
263.172  172.259
259.428  377.471
255.738  462.926
252.1  218.991
248.513  170.503
244.978  114.035
241.493  220.589
238.058  230.26
234.671  298.444
231.333  274.748
228.042  147.267
224.798  227.343
221.6  184.639
218.447  168.521
215.34  187.216
212.276  181.062
209.256  245.44
206.28  159.642
203.345  165.549
200.452  265.855
197.601  252.788
194.79  144.845
192.019  181.812
189.287  315.216
186.594  237.763
183.94  218.435
181.323  93.8732
178.744  202.043
176.201  412.018
173.694  271.904
171.223  225.005
168.788  285.458
166.386  180.233
164.019  225.822
161.686  262.259
159.386  264.918
157.119  134.198
154.883  174.049
152.68  209.805
150.508  190.271
148.367  343.934
146.256  235.648
144.176  205.848
142.125  171.605
140.103  259.953
138.11  118.784
136.145  176.271
134.208  197.358
132.299  210.126
130.417  350.804
128.562  183.761
126.733  256.632
124.93  148.89
123.153  294.952
121.401  296.718
119.674  206.732
117.971  96.316
116.293  128.171
114.639  248.644
113.008  127.214
111.4  122.729
109.815  125.601
108.253  215.308
106.713  240.381
105.195  179.535
103.699  127.164
102.223  212.281
100.769  147.983
99.3357  225.229
97.9226  264.465
96.5295  231.972
95.1563  139.815
93.8026  147.055
92.4682  300.412
91.1528  197.569
89.8561  270.121
88.5778  226.543
87.3177  248.855
86.0755  159.399
84.851  190.828
83.644  182.08
82.454  154.294
81.2811  174.171
80.1248  222.042
78.9849  121.455
77.8613  337.185
76.7537  141.213
75.6618  186.488
74.5854  266.233
73.5244  203.775
72.4784  297.314
71.4474  167.167
70.431  117.507
69.429  188.364
68.4414  234.759
67.4677  186.615
66.5079  283.134
65.5618  203.769
64.6291  183.548
63.7097  383.569
62.8034  172.779
61.91  199.142
61.0293  133.711
60.1611  184.553
59.3052  134.22
58.4616  134.082
57.6299  122.378
56.8101  220.951
56.0019  196.979
55.2052  171.478
54.4199  194.719
53.6457  154.308
52.8825  216.93
52.1302  160.846
51.3886  145.662
50.6576  103.77
49.937  128.714
49.2266  233.49
48.5263  151.185
47.8359  265.865
47.1554  121.28
46.4846  113.851
45.8233  103.226
45.1715  149.271
44.5289  160.052
43.8954  107.918
43.2709  169.908
42.6554  110.687
42.0486  133.114
41.4504  181.523
40.8607  263.738
40.2794  133.309
39.7064  126.866
39.1416  126.695
38.5848  159.593
38.0359  145.468
37.4948  155.536
36.9614  218.532
36.4356  129.635
35.9172  215.381
35.4063  85.7488
34.9026  168.025
34.4061  134.387
33.9166  95.068
33.4341  176.261
32.9585  99.043
32.4896  260.729
32.0275  164.143
31.5718  114.025
31.1227  244.723
30.6799  201.71
30.2435  123.93
29.8133  128.18
29.3891  183.486
28.9711  130.036
28.5589  181.51
28.1526  140.431
27.7522  140.205
27.3574  97.4127
26.9682  145.158
26.5845  205.492
26.2063  125.22
25.8335  89.3234
25.466  137.758
25.1038  174.115
24.7466  111.519
24.3946  144.481
24.0476  122.35
23.7055  179.337
23.3682  132.302
23.0358  108.598
22.7081  107.732
22.3851  52.8337
22.0666  156.392
21.7527  102.824
21.4432  125.729
21.1382  180.845
20.8375  122.079
20.5411  113.005
20.2488  161.431
19.9608  98.6102
19.6768  118.672
19.3969  156.629
19.121  124.167
18.849  75.3293
18.5808  116.877
18.3165  87.2529
18.0559  81.2248
17.7991  97.5889
17.5458  75.6225
17.2962  87.2168
17.0502  112.183
16.8076  134.197
16.5685  153.024
16.3328  109.548
16.1005  102.023
15.8714  110.675
15.6457  120.983
15.4231  125.899
15.2037  90.1277
14.9874  107.124
14.7742  69.7661
14.564  101.048
14.3568  103.317
14.1526  112.319
13.9513  76.7447
13.7528  81.7683
13.5571  102.601
13.3643  164.237
13.1742  77.0543
12.9867  97.0601
12.802  92.5783
12.6199  110.234
12.4404  117.856
12.2634  102.902
12.0889  94.4925
11.9169  78.0724
11.7474  99.0358
11.5803  148.541
11.4156  153.218
11.2532  122.881
11.0931  160.737
10.9353  92.4045
10.7797  110.222
10.6264  104.722
10.4752  97.3029
10.3262  91.625
10.1793  75.7979
10.0345  109.907
9.89171  82.3008
9.751  83.6677
9.61228  81.2074
9.47554  87.922
9.34074  74.5953
9.20786  104.36
9.07687  83.9855
8.94774  57.8833
8.82046  102.873
8.69498  66.832
8.57128  89.6377
8.44935  89.8516
8.32915  95.19
8.21066  92.2245
8.09386  93.6019
7.97872  127.153
7.86521  126.515
7.75332  83.7194
7.64302  86.6671
7.5343  100.039
7.42711  80.9569
7.32146  85.2303
7.2173  123.59
7.11463  65.8942
7.01342  83.4657
6.91365  89.544
6.8153  58.306
6.71834  93.3954
6.62277  77.3919
6.52855  94.6649
6.43568  90.2354
6.34413  69.9237
6.25388  79.4992
6.16491  104.552
6.07721  49.9785
5.99076  68.3066
5.90553  74.6017
5.82152  115.398
5.7387  70.0855
5.65707  86.2096
5.57659  57.9123
5.49726  76.6943
5.41905  62.1239
5.34196  69.4887
5.26597  102.561
5.19106  70.8806
5.11721  59.69
5.04441  59.3156
4.97265  71.4052
4.90191  74.3712
4.83218  76.0541
4.76344  59.6315
4.69567  58.2911
4.62887  49.5619
4.56302  60.5206
4.49811  86.3239
4.43412  70.3274
4.37104  70.9201
4.30886  71.893
4.24756  51.2917
4.18714  63.6319
4.12757  56.3798
4.06885  70.3629
4.01097  68.3909
3.95391  73.8256
3.89766  85.3294
3.84222  71.4517
3.78756  60.0361
3.73368  60.2732
3.68056  59.752
3.6282  53.4868
3.57659  60.5361
3.52571  70.8841
3.47555  57.8154
3.42611  64.1314
3.37737  55.9038
3.32932  65.6796
3.28196  69.6607
3.23527  53.6353
3.18925  52.9448
3.14388  58.0961
3.09915  47.2814
3.05507  55.0583
3.01161  57.373
2.96876  62.1031
2.92653  63.0713
2.8849  67.9622
2.84386  55.8286
2.8034  58.24
2.76352  63.6466
2.72421  58.7706
2.68545  77.674
2.64725  67.5237
2.60959  62.2579
2.57247  53.9864
2.53587  49.756
2.4998  49.8084
2.46423  49.6012
2.42918  49.4066
2.39462  57.3097
2.36056  39.6918
2.32698  43.5811
2.29387  46.6738
2.26124  39.7112
2.22907  53.4822
2.19736  43.5039
2.1661  50.1572
2.13529  41.0995
2.10491  39.5546
2.07497  48.815
2.04545  50.3325
2.01635  50.3902
1.98767  56.3832
1.95939  39.7084
1.93152  48.1646
1.90404  44.2825
1.87695  51.3057
1.85025  50.5634
1.82393  52.1452
1.79798  44.5877
1.77241  51.0187
1.74719  48.5479
1.72234  50.496
1.69783  44.8804
1.67368  44.4236
1.64987  43.6905
1.6264  43.1901
1.60326  45.2622
1.58046  50.4498
1.55797  42.1389
1.53581  40.9061
1.51396  42.2014
1.49242  40.21
1.47119  44.5377
1.45026  43.6389
1.42963  42.5759
1.40929  42.8451
1.38925  43.9225
1.36948  40.7836
1.35  41.1942
1.3308  36.9585
1.31186  45.4122
1.2932  38.3193
1.27481  39.7756
1.25667  43.8964
1.23879  41.8386
1.22117  47.7559
1.2038  42.2973
1.18667  42.6977
1.16979  40.8761
1.15315  43.6614
1.13675  42.2594
1.12057  38.7542
1.10463  37.2655
1.08892  40.2056
1.07343  47.9292
1.05816  43.7291
1.0431  36.6223
1.02827  39.2178
1.01364  37.8831
0.999218  38.7976
0.985003  40.3193
0.970991  36.4201
0.957177  45.8149
0.943561  43.9732
0.930138  44.0422
0.916906  40.4958
0.903862  39.6873
0.891004  40.6867
0.878329  39.1627
0.865834  38.1713
0.853516  35.4367
0.841374  37.7267
0.829405  37.1809
0.817606  36.8314
0.805975  34.0785
0.794509  37.2175
0.783207  36.8086
0.772065  33.616
0.761082  37.6008
0.750255  37.13
0.739582  38.2033
0.72906  38.0983
0.718689  38.1807
0.708465  39.8127
0.698387  38.033
0.688451  37.972
0.678658  38.7431
0.669003  37.089
0.659486  36.4221
0.650104  35.1608
0.640856  35.886
0.631739  34.801
0.622752  33.5074
0.613893  35.587
0.60516  35.1038
0.596551  36.5266
0.588065  36.5396
0.579699  38.0584
0.571452  35.6005
0.563323  36.032
0.555309  36.0066
0.547409  36.0891
0.539622  37.3005
0.531945  37.509
0.524378  38.9323
0.516918  34.343
0.509565  33.7289
0.502316  33.4654
0.49517  32.2749
0.488126  33.8515
0.481182  32.2839
0.474336  33.0919
0.467589  33.3415
0.460937  32.2885
0.45438  33.773
0.447916  35.393
0.441544  34.2497
0.435262  33.1093
0.42907  33.2467
0.422966  33.7832
0.416949  33.3534
0.411018  32.91
0.405171  34.6905
0.399407  33.4238
0.393725  32.4947
0.388124  33.0913
0.382603  31.6247
0.37716  33.0654
0.371794  31.8579
0.366505  32.6938
0.361291  35.0715
0.356152  33.1693
0.351085  32.3203
0.346091  32.3491
0.341167  31.649
0.336314  31.6512
0.33153  33.6559
0.326813  32.6035
0.322164  33.9683
0.317581  33.6457
0.313063  31.7012
0.30861  32.6336
0.304219  31.8168
0.299892  32.8208
0.295625  31.6068
0.29142  32.4755
0.287274  31.9099
0.283187  32.06
0.279159  32.1015
0.275188  32.4373
0.271273  31.6409
0.267414  31.879
0.26361  31.8102
0.259859  32.2272
0.256163  31.8575
0.252519  32.2753
0.248926  31.9668
0.245385  32.1169
0.241894  31.5187
0.238453  31.5007
0.235061  31.7482
0.231717  32.0524
0.228421  31.9351
0.225171  31.6098
0.221968  31.9832
0.21881  32.8143
0.215698  32.3178
0.212629  31.6008
0.209604  31.7149
0.206622  31.7782
0.203683  31.9939
0.200785  31.752
0.197929  31.8916
0.195113  31.4984
0.192338  31.9602
0.189602  32.6534
0.186904  31.7854
0.184245  32.2219
0.181624  31.8869
0.179041  31.5791
0.176494  31.6271
0.173983  32.254
0.171508  31.5443
0.169068  32.122
0.166663  32.1658
0.164292  31.9039
0.161955  32.193
0.159651  31.483
0.15738  31.536
0.155141  31.4608
0.152934  31.8494
0.150758  31.4833
0.148614  31.6398
0.146499  31.5378
0.144415  31.5191
0.142361  31.5843
0.140336  31.525
0.138339  31.566
0.136371  31.7569
0.134431  31.5288
0.132519  31.9677
0.130634  33.0258
0.128775  32.449
0.126943  31.4389
0.125138  31.6364
0.123357  31.5103
0.121602  31.5047
0.119873  31.5823
0.118167  31.9135
0.116486  32.1274
0.114829  31.8527
0.113196  31.5974
0.111585  31.5248
0.109998  31.5802
0.108433  31.8873
0.106891  32.192
0.10537  31.7603
0.103871  32.1369
0.102393  31.7796
0.100937  31.5571
0.0995008  31.7041
0.0980853  31.7041
0.0966899  31.7591
0.0953144  31.7069
0.0939585  31.7101
0.0926219  31.6011
0.0913042  31.9748
0.0900054  31.7078
0.0887249  31.8544
0.0874628  31.4653
0.0862185  31.479
0.084992  31.4308
0.0837829  31.4592
0.082591  31.4798
0.0814161  31.4694
0.0802579  31.4699
0.0791162  31.4697
0.0779907  31.4298
0.0768812  31.6317
0.0757875  31.5655
0.0747093  31.5668
0.0736465  31.5734
0.0725989  31.5731
0.0715661  31.5488
0.070548  31.5089
0.0695444  31.5477
0.0685551  31.7878
0.0675798  31.6925
0.0666184  31.6562
0.0656707  31.5956
0.0647365  31.5721
0.0638156  31.5024
0.0629077  31.469
0.0620128  31.4647
0.0611306  31.4209
0.060261  31.3997
0.0594037  31.4386
0.0585587  31.4654
0.0577256  31.5008
0.0569044  31.4485
0.0560949  31.4685
0.0552969  31.5436
0.0545103  31.5267
0.0537348  31.5804
0.0529704  31.6221
0.0522169  31.5078
0.051474  31.5437
0.0507418  31.5437
0.0500199  31.5836
0.0493083  31.5408
0.0486069  31.5752
0.0479154  31.6144
0.0472338  31.6674
0.0465618  31.6674
0.0458995  31.6161
0.0452465  31.605
0.0446028  31.6156
0.0439683  31.6053
0.0433428  31.5498
0.0427262  31.5902
0.0421184  31.5925
0.0415192  31.594
0.0409286  31.567
0.0403464  31.5036
0.0397724  31.4774
0.0392066  31.4554
0.0386489  31.4638
0.038099  31.477
0.0375571  31.4637
0.0370228  31.483
0.0364961  31.4975
0.0359769  31.4417
0.0354651  31.4623
0.0349606  31.4953
0.0344632  31.5136
0.033973  31.4379
0.0334897  31.4379
0.0330133  31.4778
0.0325436  31.4439
0.0320807  31.4457
0.0316243  31.5048
0.0311744  31.3944
0.0307309  31.4702
0.0302937  31.4021
0.0298628  31.3944
0.029438  31.4039
0.0290192  31.4137
0.0286064  31.3987
0.0281994  31.3998
0.0277983  31.3532
0.0274028  31.381
0.027013  31.3576
0.0266287  31.4119
0.0262499  31.3882
0.0258764  31.437
0.0255083  31.437
0.0251455  31.4575
0.0247877  31.3831
0.0244351  31.3802
0.0240875  31.4607
0.0237448  31.4862
0.023407  31.491
0.0230741  31.4305
0.0227458  31.4486
0.0224222  31.4202
0.0221033  31.3743
0.0217888  31.4553
0.0214789  31.4234
0.0211733  31.4171
0.0208721  31.4082
0.0205752  31.4578
0.0202825  31.4228
0.0199939  31.4325
0.0197095  31.4513
0.0194291  31.4243
0.0191527  31.4514
0.0188803  31.4361
0.0186117  31.423
0.0183469  31.3913
0.0180859  31.3898
0.0178286  31.4037
0.017575  31.391
0.017325  31.3933
0.0170785  31.3928
0.0168356  31.4328
0.0165961  31.3978
0.01636  31.3938
0.0161272  31.3827
0.0158978  31.4491
0.0156716  31.4361
0.0154487  31.4249
0.0152289  31.4209
0.0150123  31.4132
0.0147987  31.4509
0.0145882  31.3815
0.0143807  31.3824
0.0141761  31.3817
0.0139744  31.3653
0.0137756  31.3667
0.0135797  31.3817
0.0133865  31.3817
0.013196  31.3827
0.0130083  31.3859
0.0128233  31.3859
0.0126408  31.385
0.012461  31.3656
0.0122837  31.3616
0.012109  31.3817
0.0119367  31.4157
0.0117669  31.4023
0.0115995  31.3898
0.0114345  31.4049
0.0112719  31.3957
0.0111115  31.3799
0.0109534  31.3903
0.0107976  31.3682
0.010644  31.3769
0.0104926  31.3536
0.0103433  31.364
0.0101962  31.375
0.0100511  31.3748
0.00990814  31.3579
0.00976719  31.357
0.00962825  31.3577
0.00949128  31.3534
0.00935625  31.3664
0.00922315  31.3484
0.00909195  31.3487
0.00896261  31.3564
0.00883511  31.3472
0.00870942  31.3442
0.00858552  31.3778
0.00846338  31.4037
0.00834299  31.3924
0.0082243  31.3924
0.0081073  31.3739
0.00799197  31.3748
0.00787828  31.3926
0.0077662  31.4022
0.00765572  31.3982
0.00754681  31.4022
0.00743945  31.3881
0.00733362  31.3797
0.00722929  31.4
0.00712645  31.368
0.00702507  31.3656
0.00692513  31.368
0.00682662  31.3567
0.0067295  31.3567
0.00663377  31.3783
0.0065394  31.3764
0.00644637  31.3756
0.00635467  31.3923
0.00626427  31.3818
0.00617515  31.3817
0.0060873  31.3704
0.00600071  31.3697
0.00591534  31.3697
0.00583119  31.3697
0.00574824  31.3697
0.00566646  31.3816
0.00558585  31.3692
0.00550639  31.3643
0.00542806  31.3606
0.00535084  31.3647
0.00527472  31.3665
0.00519968  31.3679
0.00512571  31.3645
0.00505279  31.3518
0.00498091  31.3562
0.00491006  31.3518
0.00484021  31.3518
0.00477135  31.3528
0.00470347  31.3616
0.00463656  31.3473
0.0045706  31.3499
0.00450558  31.3473
0.00444149  31.36
0.0043783  31.36
0.00431602  31.3553
0.00425462  31.3531
0.00419409  31.3511
0.00413443  31.3486
0.00407561  31.3486
0.00401763  31.3613
0.00396048  31.363
0.00390414  31.3644
0.0038486  31.3661
0.00379385  31.3537
0.00373988  31.3534
0.00368668  31.3532
0.00363423  31.3532
0.00358253  31.3526
0.00353157  31.3527
0.00348133  31.3513
0.0034318  31.3551
0.00338298  31.3551
0.00333486  31.3576
0.00328741  31.3576
0.00324065  31.3553
0.00319455  31.3608
0.0031491  31.3572
0.0031043  31.3572
0.00306014  31.3572
0.00301661  31.3563
0.0029737  31.361
0.00293139  31.3549
0.00288969  31.3523
0.00284858  31.3605
0.00280806  31.3573
0.00276811  31.3573
0.00272873  31.3539
0.00268992  31.3539
0.00265165  31.3599
0.00261393  31.3539
0.00257674  31.3608
0.00254008  31.3539
0.00250395  31.3608
0.00246833  31.3564
0.00243322  31.3549
0.0023986  31.3509
0.00236448  31.3521
0.00233084  31.3513
0.00229768  31.3513
0.002265  31.3541
0.00223278  31.351
0.00220101  31.3541
0.0021697  31.3481
0.00213884  31.3456
0.00210841  31.3498
0.00207841  31.3455
0.00204885  31.3452
0.0020197  31.3447
0.00199097  31.3444
0.00196265  31.3444
0.00193473  31.3444
0.0019072  31.3444
0.00188007  31.3444
0.00185333  31.3444
0.00182696  31.3448
0.00180097  31.3465
0.00177535  31.3465
0.00175009  31.3465
0.0017252  31.3404
0.00170066  31.3404
0.00167646  31.3405
0.00165261  31.3405
0.0016291  31.3429
0.00160593  31.3499
0.00158308  31.3499
0.00156056  31.3499
0.00153836  31.3492
0.00151648  31.3492
0.0014949  31.3467
0.00147364  31.3467
0.00145267  31.3433
0.00143201  31.3403
0.00141164  31.3403
0.00139155  31.3403
0.00137176  31.3404
0.00135224  31.3404
0.00133301  31.3403
0.00131404  31.3403
0.00129535  31.3421
0.00127692  31.3421
0.00125876  31.3421
0.00124085  31.3421
0.0012232  31.3421
0.0012058  31.3421
0.00118864  31.3474
0.00117173  31.3453
0.00115507  31.3453
0.00113863  31.3453
0.00112244  31.3453
0.00110647  31.3453
0.00109073  31.3453
0.00107521  31.3453
0.00105992  31.3454
0.00104484  31.3454
0.00102997  31.3454
0.00101532  31.3454
0.00100088  31.3454
0.00098664  31.3459
0.000972604  31.3406
0.000958768  31.3406
0.000945128  31.3406
0.000931683  31.3406
0.000918429  31.3406
0.000905364  31.3396
0.000892484  31.3398
0.000879788  31.3399
0.000867272  31.3399
0.000854934  31.3398
0.000842772  31.339
0.000830783  31.3402
0.000818965  31.3402
0.000807314  31.3402
0.000795829  31.3398
0.000784508  31.3398
0.000773348  31.3398
0.000762346  31.3397
0.000751501  31.3398
0.000740811  31.3398
0.000730272  31.3398
0.000719883  31.3398
0.000709642  31.3397
0.000699547  31.3398
0.000689595  31.3397
0.000679785  31.3398
0.000670115  31.3398
0.000660582  31.3398
0.000651184  31.3398
0.000641921  31.3397
0.000632789  31.3398
0.000623787  31.3398
0.000614913  31.3398
0.000606165  31.3397
0.000597542  31.3399
0.000589042  31.3399
0.000580662  31.3399
0.000572402  31.3399
0.000564259  31.3399
0.000556232  31.3399
0.000548319  31.3399
0.000540518  31.34
0.000532829  31.3399
0.000525249  31.3399
0.000517777  31.3399
0.000510411  31.3399
0.00050315  31.3399
0.000495992  31.3399
0.000488937  31.3399
0.000481981  31.3399
0.000475124  31.3399
0.000468365  31.3399
0.000461703  31.3399
0.000455134  31.3399
0.00044866  31.34
0.000442277  31.3399
0.000435985  31.3401
0.000429783  31.3401
0.000423669  31.3401
0.000417642  31.3401
0.000411701  31.3401
0.000405844  31.3399
0.000400071  31.3399
0.000394379  31.3399
0.000388769  31.3409
0.000383238  31.3409
0.000377786  31.3409
0.000372412  31.3409
0.000367114  31.3409
0.000361892  31.3409
0.000356743  31.3409
0.000351668  31.3409
0.000346666  31.3409
0.000341734  31.3409
0.000336873  31.3409
0.00033208  31.3409
0.000327356  31.3404
0.000322699  31.3404
0.000318109  31.3404
0.000313583  31.3404
0.000309122  31.3404
0.000304725  31.3404
0.00030039  31.3404
0.000296117  31.3404
0.000291904  31.3404
0.000287751  31.3405
0.000283658  31.3404
0.000279623  31.3404
0.000275645  31.3405
0.000271723  31.3396
0.000267858  31.3396
0.000264047  31.3396
0.000260291  31.3396
0.000256588  31.3396
0.000252938  31.3396
0.00024934  31.3396
0.000245793  31.3396
0.000242296  31.3404
0.000238849  31.3405
0.000235452  31.3404
0.000232102  31.3404
0.0002288  31.3404
0.000225545  31.3404
0.000222337  31.3404
0.000219174  31.3404
0.000216056  31.3404
0.000212982  31.3404
0.000209952  31.3404
0.000206966  31.3404
0.000204021  31.3404
0.000201119  31.3404
0.000198258  31.3404
0.000195438  31.3404
0.000192657  31.3404
0.000189917  31.3404
0.000187215  31.3404
0.000184552  31.3404
0.000181926  31.3404
0.000179338  31.3404
0.000176787  31.3393
0.000174272  31.3393
0.000171793  31.3393
0.000169349  31.3386
0.00016694  31.3387
0.000164565  31.3386
0.000162224  31.3386
0.000159916  31.3386
0.000157641  31.3387
0.000155399  31.3387
0.000153188  31.3386
0.000151009  31.3386
0.00014886  31.3386
0.000146743  31.3387
0.000144655  31.3387
0.000142597  31.3386
0.000140569  31.3386
0.000138569  31.3387
0.000136598  31.3386
0.000134655  31.3387
0.000132739  31.3386
0.000130851  31.3386
0.000128989  31.3387
0.000127154  31.3387
0.000125345  31.3386
0.000123562  31.3387
0.000121804  31.3387
0.000120072  31.3387
0.000118364  31.3387
0.00011668  31.3387
0.00011502  31.3386
0.000113384  31.3386
0.000111771  31.3386
0.000110181  31.3386
0.000108613  31.3386
0.000107068  31.3386
0.000105545  31.3386
0.000104044  31.3387
0.000102563  31.3387
0.000101104  31.3387
9.96661e-05  31.3386
9.82482e-05  31.3387
9.68506e-05  31.3387
9.54728e-05  31.3386
9.41146e-05  31.3387
9.27758e-05  31.3387
9.14559e-05  31.3386
9.01549e-05  31.3386
8.88724e-05  31.3386
8.76081e-05  31.3386
8.63618e-05  31.3386
8.51332e-05  31.3387
8.39221e-05  31.3386
8.27283e-05  31.3387
8.15514e-05  31.3386
8.03913e-05  31.3387
7.92476e-05  31.3387
7.81203e-05  31.3387
7.70089e-05  31.3387
7.59134e-05  31.3386
7.48335e-05  31.3387
7.37689e-05  31.3386
7.27195e-05  31.3387
7.1685e-05  31.3387
7.06652e-05  31.3387
6.96599e-05  31.3387
6.8669e-05  31.3386
6.76921e-05  31.3386
6.67291e-05  31.3386
6.57798e-05  31.3386
6.48441e-05  31.3386
6.39216e-05  31.3386
6.30123e-05  31.3386
6.21158e-05  31.3386
6.12322e-05  31.3387
6.03611e-05  31.3386
5.95024e-05  31.3387
5.8656e-05  31.3386
5.78215e-05  31.3386
5.6999e-05  31.3387
5.61881e-05  31.3386
5.53888e-05  31.3386
5.46008e-05  31.3386
5.38241e-05  31.3386
5.30584e-05  31.3387
5.23036e-05  31.3386
5.15595e-05  31.3386
5.08261e-05  31.3386
5.0103e-05  31.3387
4.93903e-05  31.3386
4.86876e-05  31.3386
4.7995e-05  31.3387
4.73123e-05  31.3387
4.66392e-05  31.3387
4.59757e-05  31.3386
4.53217e-05  31.3387
4.46769e-05  31.3386
4.40414e-05  31.3383
4.34148e-05  31.3383
4.27972e-05  31.3383
4.21884e-05  31.3383
4.15882e-05  31.3383
4.09966e-05  31.3383
4.04134e-05  31.3383
3.98385e-05  31.3383
3.92718e-05  31.3383
3.87131e-05  31.3383
3.81624e-05  31.3384
3.76195e-05  31.3383
3.70843e-05  31.3383
3.65567e-05  31.3383
3.60367e-05  31.3383
3.5524e-05  31.3383
3.50187e-05  31.3383
3.45205e-05  31.3383
3.40294e-05  31.3383
3.35453e-05  31.3383
3.30681e-05  31.3383
3.25977e-05  31.3383
3.2134e-05  31.3375
3.16768e-05  31.3375
3.12262e-05  31.3376
3.0782e-05  31.3375
3.03441e-05  31.3375
2.99124e-05  31.3375
2.94869e-05  31.3375
2.90674e-05  31.3375
2.86539e-05  31.3375
2.82463e-05  31.3375
2.78444e-05  31.3375
2.74483e-05  31.3375
2.70579e-05  31.3375
2.66729e-05  31.3375
2.62935e-05  31.3375
2.59194e-05  31.3375
2.55507e-05  31.3375
2.51872e-05  31.3375
2.48289e-05  31.3375
2.44757e-05  31.3375
2.41275e-05  31.3375
2.37843e-05  31.3375
2.34459e-05  31.3375
2.31124e-05  31.3375
2.27836e-05  31.3375
2.24595e-05  31.3375
2.214e-05  31.3375
2.1825e-05  31.3375
2.15146e-05  31.3375
2.12085e-05  31.3375
2.09068e-05  31.3375
2.06094e-05  31.3375
2.03162e-05  31.3375
2.00272e-05  31.3375
1.97423e-05  31.3375
1.94614e-05  31.3375
1.91846e-05  31.3375
1.89116e-05  31.3375
1.86426e-05  31.3375
1.83774e-05  31.3375
1.8116e-05  31.3375
1.78582e-05  31.3375
1.76042e-05  31.3375
1.73538e-05  31.3375
1.71069e-05  31.3375
1.68635e-05  31.3375
1.66236e-05  31.3375
1.63872e-05  31.3375
1.6154e-05  31.3375
1.59242e-05  31.3375
1.56977e-05  31.3375
1.54744e-05  31.3375
1.52542e-05  31.3375
1.50372e-05  31.3375
1.48233e-05  31.3375
1.46124e-05  31.3375
1.44046e-05  31.3375
1.41997e-05  31.3375
1.39976e-05  31.3375
1.37985e-05  31.3375
1.36022e-05  31.3375
1.34087e-05  31.3375
1.3218e-05  31.3375
1.30299e-05  31.3375
1.28446e-05  31.3375
1.26618e-05  31.3375
1.24817e-05  31.3373
1.23042e-05  31.3373
1.21291e-05  31.3373
1.19566e-05  31.3372
1.17865e-05  31.3372
1.16188e-05  31.3372
1.14535e-05  31.3372
1.12906e-05  31.3372
1.113e-05  31.3372
1.09716e-05  31.3372
1.08156e-05  31.3372
1.06617e-05  31.3372
1.051e-05  31.3372
1.03605e-05  31.3372
1.02131e-05  31.3372
1.00678e-05  31.3371
9.92461e-06  31.3371
9.78342e-06  31.3371
9.64425e-06  31.3372
9.50705e-06  31.3372
9.3718e-06  31.3372
9.23848e-06  31.3372
9.10706e-06  31.3372
8.9775e-06  31.3372
8.84979e-06  31.3372
8.72389e-06  31.3371
8.59979e-06  31.3371
8.47745e-06  31.3371
8.35685e-06  31.3371
8.23797e-06  31.3372
8.12078e-06  31.3371
8.00525e-06  31.3371
7.89137e-06  31.3372
7.77911e-06  31.3372
7.66844e-06  31.3371
7.55935e-06  31.3371
7.45181e-06  31.3371
7.34581e-06  31.3372
7.24131e-06  31.3372
7.13829e-06  31.3372
7.03674e-06  31.3372
6.93664e-06  31.3372
6.83796e-06  31.3372
6.74068e-06  31.3372
6.64479e-06  31.3372
6.55026e-06  31.3372
6.45708e-06  31.3372
6.36522e-06  31.3372
6.27467e-06  31.3372
6.18541e-06  31.3372
6.09742e-06  31.3372
6.01068e-06  31.3372
5.92517e-06  31.3372
5.84088e-06  31.3372
5.75779e-06  31.3372
5.67588e-06  31.3372
5.59513e-06  31.3372
5.51554e-06  31.3372
5.43708e-06  31.3372
5.35973e-06  31.3372
5.28348e-06  31.3372
5.20832e-06  31.3372
5.13423e-06  31.3372
5.06119e-06  31.3372
4.98919e-06  31.3372
4.91821e-06  31.3372
4.84825e-06  31.3372
4.77928e-06  31.3372
4.71129e-06  31.3372
4.64427e-06  31.3372
4.5782e-06  31.3372
4.51307e-06  31.3371
4.44887e-06  31.3371
4.38558e-06  31.3371
4.32319e-06  31.3371
4.26169e-06  31.3371
4.20106e-06  31.3371
4.1413e-06  31.3371
4.08238e-06  31.3371
4.02431e-06  31.3371
3.96706e-06  31.3371
3.91063e-06  31.3371
3.85499e-06  31.3371
3.80015e-06  31.3371
3.74609e-06  31.3371
3.6928e-06  31.3371
3.64027e-06  31.3371
3.58848e-06  31.3371
3.53743e-06  31.3371
3.48711e-06  31.3371
3.4375e-06  31.3371
3.3886e-06  31.3371
3.3404e-06  31.3371
3.29288e-06  31.3371
3.24603e-06  31.3371
3.19985e-06  31.3371
3.15433e-06  31.3371
3.10946e-06  31.3371
3.06523e-06  31.3371
3.02162e-06  31.3371
2.97864e-06  31.3371
2.93626e-06  31.3371
2.89449e-06  31.3371
2.85331e-06  31.3371
2.81272e-06  31.3371
2.77271e-06  31.3371
2.73327e-06  31.3371
2.69438e-06  31.3371
2.65605e-06  31.3371
2.61827e-06  31.3371
2.58102e-06  31.3371
2.5443e-06  31.3371
2.50811e-06  31.3371
2.47243e-06  31.3371
2.43726e-06  31.3371
2.40259e-06  31.3371
2.36841e-06  31.3371
2.33471e-06  31.3371
2.3015e-06  31.3371
2.26876e-06  31.3371
2.23648e-06  31.3371
2.20467e-06  31.3371
2.17331e-06  31.3371
2.14239e-06  31.3371
2.11191e-06  31.3371
2.08187e-06  31.3371
2.05225e-06  31.3371
2.02306e-06  31.3371
1.99428e-06  31.3371
1.96591e-06  31.3371
1.93794e-06  31.3371
1.91037e-06  31.3371
1.88319e-06  31.3371
1.8564e-06  31.3371
1.83e-06  31.3371
1.80396e-06  31.3371
1.7783e-06  31.3371
1.753e-06  31.3371
1.72806e-06  31.3371
1.70348e-06  31.3371
1.67925e-06  31.3371
1.65536e-06  31.3371
1.63181e-06  31.3371
1.6086e-06  31.3371
1.58571e-06  31.3371
1.56315e-06  31.3371
1.54092e-06  31.3371
1.519e-06  31.3371
1.49739e-06  31.3371
1.47609e-06  31.3371
1.45509e-06  31.3371
1.43439e-06  31.3371
1.41398e-06  31.3371
1.39387e-06  31.3371
1.37404e-06  31.3371
1.35449e-06  31.3371
1.33522e-06  31.3371
1.31623e-06  31.3371
1.2975e-06  31.3371
1.27904e-06  31.3371
1.26085e-06  31.3371
1.24291e-06  31.3371
1.22523e-06  31.3371
1.2078e-06  31.3371
1.19062e-06  31.3371
1.17368e-06  31.3371
1.15699e-06  31.3371
1.14053e-06  31.3371
1.1243e-06  31.3371
1.10831e-06  31.3371
1.09254e-06  31.3371
1.077e-06  31.3371
1.06168e-06  31.3371
1.04657e-06  31.3371
1.03168e-06  31.3371
1.01701e-06  31.3371
1.00254e-06  31.3371
9.88279e-07  31.3371
9.74219e-07  31.3371
9.6036e-07  31.3371
9.46698e-07  31.3371
9.33231e-07  31.3371
9.19955e-07  31.3371
9.06868e-07  31.3371
8.93967e-07  31.3371
8.81249e-07  31.3371
8.68713e-07  31.3371
8.56355e-07  31.3371
8.44172e-07  31.3371
8.32163e-07  31.3371
8.20325e-07  31.3371
8.08655e-07  31.3371
7.97151e-07  31.3371
7.85811e-07  31.3371
7.74632e-07  31.3371
7.63613e-07  31.3371
7.5275e-07  31.3371
7.42041e-07  31.3371
7.31485e-07  31.3371
7.21079e-07  31.3371
7.10821e-07  31.3371
7.00709e-07  31.3371
6.90741e-07  31.3371
6.80914e-07  31.3371
6.71228e-07  31.3371
6.61679e-07  31.3371
6.52266e-07  31.3371
6.42987e-07  31.3371
6.3384e-07  31.3371
6.24823e-07  31.3371
6.15935e-07  31.3371
6.07172e-07  31.3371
5.98535e-07  31.3371
5.9002e-07  31.3371
5.81627e-07  31.3371
5.73352e-07  31.3371
5.65196e-07  31.3371
5.57156e-07  31.3371
5.4923e-07  31.3371
5.41416e-07  31.3371
5.33714e-07  31.3371
5.26122e-07  31.3371
5.18637e-07  31.3371
5.11259e-07  31.3371
5.03986e-07  31.3371
4.96816e-07  31.3371
4.89749e-07  31.3371
4.82782e-07  31.3371
4.75914e-07  31.3371
4.69144e-07  31.3371
4.6247e-07  31.3371
4.55891e-07  31.3371
4.49405e-07  31.3371
4.43012e-07  31.3371
4.3671e-07  31.3371
4.30497e-07  31.3371
4.24373e-07  31.3371
4.18336e-07  31.3371
4.12385e-07  31.3371
4.06518e-07  31.3371
4.00735e-07  31.3371
3.95034e-07  31.3371
3.89415e-07  31.3371
3.83875e-07  31.3371
3.78414e-07  31.3371
3.73031e-07  31.3371
3.67724e-07  31.3371
3.62493e-07  31.3371
3.57336e-07  31.3371
3.52253e-07  31.3371
3.47242e-07  31.3371
3.42302e-07  31.3371
3.37432e-07  31.3371
3.32632e-07  31.3371
3.279e-07  31.3371
3.23235e-07  31.3371
3.18637e-07  31.3371
3.14104e-07  31.3371
3.09636e-07  31.3371
3.05231e-07  31.3371
3.00889e-07  31.3371
2.96608e-07  31.3371
2.92389e-07  31.3371
2.88229e-07  31.3371
2.84129e-07  31.3371
2.80087e-07  31.3371
2.76103e-07  31.3371
2.72175e-07  31.3371
2.68303e-07  31.3371
2.64486e-07  31.3371
2.60724e-07  31.3371
2.57015e-07  31.3371
2.53358e-07  31.3371
2.49754e-07  31.3371
2.46201e-07  31.3371
2.42699e-07  31.3371
2.39246e-07  31.3371
2.35843e-07  31.3371
2.32488e-07  31.3371
2.2918e-07  31.3371
2.2592e-07  31.3371
2.22706e-07  31.3371
2.19538e-07  31.3371
2.16415e-07  31.3371
2.13336e-07  31.3371
2.10301e-07  31.3371
2.07309e-07  31.3371
2.0436e-07  31.3371
2.01453e-07  31.3371
1.98587e-07  31.3371
1.95762e-07  31.3371
1.92977e-07  31.3371
1.90232e-07  31.3371
1.87526e-07  31.3371
1.84858e-07  31.3371
1.82228e-07  31.3371
1.79636e-07  31.3371
1.77081e-07  31.3371
1.74561e-07  31.3371
1.72078e-07  31.3371
1.6963e-07  31.3371
1.67217e-07  31.3371
1.64838e-07  31.3371
1.62493e-07  31.3371
1.60182e-07  31.3371
1.57903e-07  31.3371
1.55657e-07  31.3371
1.53442e-07  31.3371
1.51259e-07  31.3371
1.49108e-07  31.3371
1.46986e-07  31.3371
1.44895e-07  31.3371
1.42834e-07  31.3371
1.40802e-07  31.3371
1.38799e-07  31.3371
1.36825e-07  31.3371
1.34878e-07  31.3371
1.3296e-07  31.3371
1.31068e-07  31.3371
1.29203e-07  31.3371
1.27365e-07  31.3371
1.25554e-07  31.3371
1.23767e-07  31.3371
1.22007e-07  31.3371
1.20271e-07  31.3371
1.1856e-07  31.3371
1.16874e-07  31.3371
1.15211e-07  31.3371
1.13572e-07  31.3371
1.11956e-07  31.3371
1.10364e-07  31.3371
1.08794e-07  31.3371
1.07246e-07  31.3371
1.0572e-07  31.3371
1.04216e-07  31.3371
1.02734e-07  31.3371
1.01272e-07  31.3371
9.98316e-08  31.3371
9.84114e-08  31.3371
9.70114e-08  31.3371
9.56314e-08  31.3371
9.42709e-08  31.3371
9.29298e-08  31.3371
9.16078e-08  31.3371
9.03046e-08  31.3371
8.902e-08  31.3371
8.77536e-08  31.3371
8.65052e-08  31.3371
8.52746e-08  31.3371
8.40615e-08  31.3371
8.28657e-08  31.3371
8.16868e-08  31.3371
8.05248e-08  31.3371
7.93792e-08  31.3371
7.825e-08  31.3371
7.71368e-08  31.3371
7.60395e-08  31.3371
7.49578e-08  31.3371
7.38914e-08  31.3371
7.28403e-08  31.3371
7.1804e-08  31.3371
7.07826e-08  31.3371
6.97756e-08  31.3371
6.8783e-08  31.3371
6.78045e-08  31.3371
6.68399e-08  31.3371
6.58891e-08  31.3371
6.49518e-08  31.3371
6.40278e-08  31.3371
6.31169e-08  31.3371
6.2219e-08  31.3371
6.13339e-08  31.3371
6.04614e-08  31.3371
5.96013e-08  31.3371
5.87534e-08  31.3371
5.79176e-08  31.3371
5.70936e-08  31.3371
5.62814e-08  31.3371
5.54808e-08  31.3371
5.46915e-08  31.3371
5.39135e-08  31.3371
5.31465e-08  31.3371
5.23905e-08  31.3371
5.16452e-08  31.3371
5.09105e-08  31.3371
5.01862e-08  31.3371
4.94723e-08  31.3371
4.87685e-08  31.3371
4.80747e-08  31.3371
4.73908e-08  31.3371
4.67167e-08  31.3371
4.60521e-08  31.3371
4.53969e-08  31.3371
4.47511e-08  31.3371
4.41145e-08  31.3371
4.34869e-08  31.3371
4.28683e-08  31.3371
4.22585e-08  31.3371
4.16573e-08  31.3371
4.10647e-08  31.3371
4.04805e-08  31.3371
3.99047e-08  31.3371
3.9337e-08  31.3371
3.87774e-08  31.3371
3.82257e-08  31.3371
3.76819e-08  31.3371
3.71459e-08  31.3371
3.66175e-08  31.3371
3.60965e-08  31.3371
3.5583e-08  31.3371
3.50768e-08  31.3371
3.45778e-08  31.3371
3.40859e-08  31.3371
3.3601e-08  31.3371
3.3123e-08  31.3371
3.26518e-08  31.3371
3.21873e-08  31.3371
3.17294e-08  31.3371
3.12781e-08  31.3371
3.08331e-08  31.3371
3.03945e-08  31.3371
2.99621e-08  31.3371
2.95359e-08  31.3371
2.91157e-08  31.3371
2.87015e-08  31.3371
2.82932e-08  31.3371
2.78907e-08  31.3371
2.74939e-08  31.3371
2.71028e-08  31.3371
2.67172e-08  31.3371
2.63372e-08  31.3371
2.59625e-08  31.3371
2.55932e-08  31.3371
2.52291e-08  31.3371
2.48702e-08  31.3371
2.45164e-08  31.3371
2.41676e-08  31.3371
2.38238e-08  31.3371
2.34849e-08  31.3371
2.31508e-08  31.3371
2.28215e-08  31.3371
2.24968e-08  31.3371
2.21768e-08  31.3371
2.18613e-08  31.3371
2.15503e-08  31.3371
2.12437e-08  31.3371
2.09415e-08  31.3371
2.06436e-08  31.3371
2.03499e-08  31.3371
2.00604e-08  31.3371
1.97751e-08  31.3371
1.94937e-08  31.3371
1.92164e-08  31.3371
1.89431e-08  31.3371
1.86736e-08  31.3371
1.84079e-08  31.3371
1.81461e-08  31.3371
1.78879e-08  31.3371
1.76334e-08  31.3371
1.73826e-08  31.3371
1.71353e-08  31.3371
1.68915e-08  31.3371
1.66513e-08  31.3371
1.64144e-08  31.3371
1.61809e-08  31.3371
1.59507e-08  31.3371
1.57238e-08  31.3371
1.55001e-08  31.3371
1.52796e-08  31.3371
1.50622e-08  31.3371
1.48479e-08  31.3371
1.46367e-08  31.3371
1.44285e-08  31.3371
1.42232e-08  31.3371
1.40209e-08  31.3371
1.38214e-08  31.3371
1.36248e-08  31.3371
1.3431e-08  31.3371
1.32399e-08  31.3371
1.30516e-08  31.3371
1.28659e-08  31.3371
1.26829e-08  31.3371
1.25025e-08  31.3371
1.23246e-08  31.3371
1.21493e-08  31.3371
1.19764e-08  31.3371
1.18061e-08  31.3371
1.16381e-08  31.3371
1.14726e-08  31.3371
1.13093e-08  31.3371
1.11485e-08  31.3371
1.09899e-08  31.3371
1.08335e-08  31.3371
1.06794e-08  31.3371
1.05275e-08  31.3371
1.03777e-08  31.3371
1.02301e-08  31.3371
1.00846e-08  31.3371
9.9411e-09  31.3371
9.79968e-09  31.3371
9.66027e-09  31.3371
9.52285e-09  31.3371
9.38738e-09  31.3371
9.25383e-09  31.3371
9.12219e-09  31.3371
8.99242e-09  31.3371
8.86449e-09  31.3371
8.73839e-09  31.3371
8.61408e-09  31.3371
8.49154e-09  31.3371
8.37074e-09  31.3371
8.25166e-09  31.3371
8.13427e-09  31.3371
8.01855e-09  31.3371
7.90448e-09  31.3371
7.79203e-09  31.3371
7.68119e-09  31.3371
7.57191e-09  31.3371
7.4642e-09  31.3371
7.35801e-09  31.3371
7.25334e-09  31.3371
7.15015e-09  31.3371
7.04844e-09  31.3371
6.94817e-09  31.3371
6.84932e-09  31.3371
6.75189e-09  31.3371
6.65583e-09  31.3371
6.56115e-09  31.3371
6.46781e-09  31.3371
6.3758e-09  31.3371
6.2851e-09  31.3371
6.19569e-09  31.3371
6.10755e-09  31.3371
6.02067e-09  31.3371
5.93502e-09  31.3371
5.85059e-09  31.3371
5.76736e-09  31.3371
5.68531e-09  31.3371
5.60443e-09  31.3371
5.52471e-09  31.3371
5.44611e-09  31.3371
5.36864e-09  31.3371
5.29226e-09  31.3371
5.21698e-09  31.3371
5.14276e-09  31.3371
5.0696e-09  31.3371
4.99748e-09  31.3371
4.92639e-09  31.3371
4.85631e-09  31.3371
4.78722e-09  31.3371
4.71912e-09  31.3371
4.65198e-09  31.3371
4.58581e-09  31.3371
4.52057e-09  31.3371
4.45626e-09  31.3371
4.39287e-09  31.3371
4.33037e-09  31.3371
4.26877e-09  31.3371
4.20804e-09  31.3371
4.14818e-09  31.3371
4.08917e-09  31.3371
4.031e-09  31.3371
3.97365e-09  31.3371
3.91712e-09  31.3371
3.8614e-09  31.3371
3.80647e-09  31.3371
3.75232e-09  31.3371
3.69894e-09  31.3371
3.64632e-09  31.3371
3.59445e-09  31.3371
3.54331e-09  31.3371
3.49291e-09  31.3371
3.44322e-09  31.3371
3.39423e-09  31.3371
3.34595e-09  31.3371
3.29835e-09  31.3371
3.25143e-09  31.3371
3.20517e-09  31.3371
3.15958e-09  31.3371
3.11463e-09  31.3371
3.07032e-09  31.3371
3.02664e-09  31.3371
2.98359e-09  31.3371
2.94114e-09  31.3371
2.8993e-09  31.3371
2.85806e-09  31.3371
2.8174e-09  31.3371
2.77732e-09  31.3371
2.73781e-09  31.3371
2.69886e-09  31.3371
2.66047e-09  31.3371
2.62262e-09  31.3371
2.58531e-09  31.3371
2.54853e-09  31.3371
2.51228e-09  31.3371
2.47654e-09  31.3371
2.44131e-09  31.3371
2.40658e-09  31.3371
2.37234e-09  31.3371
2.33859e-09  31.3371
2.30533e-09  31.3371
2.27253e-09  31.3371
2.2402e-09  31.3371
2.20833e-09  31.3371
2.17692e-09  31.3371
2.14595e-09  31.3371
2.11542e-09  31.3371
2.08533e-09  31.3371
2.05566e-09  31.3371
2.02642e-09  31.3371
1.99759e-09  31.3371
1.96917e-09  31.3371
1.94116e-09  31.3371
1.91355e-09  31.3371
1.88632e-09  31.3371
1.85949e-09  31.3371
1.83304e-09  31.3371
1.80696e-09  31.3371
1.78126e-09  31.3371
1.75592e-09  31.3371
1.73094e-09  31.3371
1.70631e-09  31.3371
1.68204e-09  31.3371
1.65811e-09  31.3371
1.63452e-09  31.3371
1.61127e-09  31.3371
1.58835e-09  31.3371
1.56575e-09  31.3371
1.54348e-09  31.3371
1.52152e-09  31.3371
1.49988e-09  31.3371
1.47854e-09  31.3371
1.45751e-09  31.3371
1.43677e-09  31.3371
1.41633e-09  31.3371
1.39618e-09  31.3371
1.37632e-09  31.3371
1.35674e-09  31.3371
1.33744e-09  31.3371
1.31841e-09  31.3371
1.29966e-09  31.3371
1.28117e-09  31.3371
1.26294e-09  31.3371
1.24498e-09  31.3371
1.22727e-09  31.3371
1.20981e-09  31.3371
1.1926e-09  31.3371
1.17563e-09  31.3371
1.15891e-09  31.3371
1.14242e-09  31.3371
1.12617e-09  31.3371
1.11015e-09  31.3371
1.09436e-09  31.3371
1.07879e-09  31.3371
1.06344e-09  31.3371
1.04831e-09  31.3371
1.0334e-09  31.3371
1.0187e-09  31.3371
1.00421e-09  31.3371
9.89921e-10  31.3371
9.75839e-10  31.3371
9.61957e-10  31.3371
9.48272e-10  31.3371
9.34782e-10  31.3371
9.21484e-10  31.3371
9.08375e-10  31.3371
8.95453e-10  31.3371
8.82714e-10  31.3371
8.70157e-10  31.3371
8.57778e-10  31.3371
8.45575e-10  31.3371
8.33546e-10  31.3371
8.21688e-10  31.3371
8.09999e-10  31.3371
7.98476e-10  31.3371
7.87117e-10  31.3371
7.7592e-10  31.3371
7.64882e-10  31.3371
7.54001e-10  31.3371
7.43274e-10  31.3371
7.32701e-10  31.3371
7.22277e-10  31.3371
7.12002e-10  31.3371
7.01874e-10  31.3371
6.91889e-10  31.3371
6.82046e-10  31.3371
6.72343e-10  31.3371
6.62779e-10  31.3371
6.5335e-10  31.3371
6.44056e-10  31.3371
6.34894e-10  31.3371
6.25862e-10  31.3371
6.16958e-10  31.3371
6.08181e-10  31.3371
5.9953e-10  31.3371
5.91001e-10  31.3371
5.82593e-10  31.3371
5.74305e-10  31.3371
5.66135e-10  31.3371
5.58082e-10  31.3371
5.50142e-10  31.3371
5.42316e-10  31.3371
5.34601e-10  31.3371
5.26996e-10  31.3371
5.19499e-10  31.3371
5.12109e-10  31.3371
5.04824e-10  31.3371
4.97642e-10  31.3371
4.90563e-10  31.3371
4.83584e-10  31.3371
4.76705e-10  31.3371
4.69923e-10  31.3371
4.63238e-10  31.3371
4.56648e-10  31.3371
4.50152e-10  31.3371
4.43748e-10  31.3371
4.37436e-10  31.3371
4.31213e-10  31.3371
4.25078e-10  31.3371
4.19031e-10  31.3371
4.1307e-10  31.3371
4.07194e-10  31.3371
4.01401e-10  31.3371
3.95691e-10  31.3371
3.90062e-10  31.3371
3.84513e-10  31.3371
3.79043e-10  31.3371
3.73651e-10  31.3371
3.68335e-10  31.3371
3.63095e-10  31.3371
3.5793e-10  31.3371
3.52838e-10  31.3371
3.47819e-10  31.3371
3.42871e-10  31.3371
3.37993e-10  31.3371
3.33185e-10  31.3371
3.28445e-10  31.3371
3.23773e-10  31.3371
3.19167e-10  31.3371
3.14626e-10  31.3371
3.1015e-10  31.3371
3.05738e-10  31.3371
3.01389e-10  31.3371
2.97101e-10  31.3371
2.92875e-10  31.3371
2.88708e-10  31.3371
2.84601e-10  31.3371
2.80553e-10  31.3371
2.76562e-10  31.3371
2.72627e-10  31.3371
2.68749e-10  31.3371
2.64926e-10  31.3371
2.61157e-10  31.3371
2.57442e-10  31.3371
2.53779e-10  31.3371
2.50169e-10  31.3371
2.4661e-10  31.3371
2.43102e-10  31.3371
2.39644e-10  31.3371
2.36235e-10  31.3371
2.32874e-10  31.3371
2.29561e-10  31.3371
2.26295e-10  31.3371
2.23076e-10  31.3371
2.19903e-10  31.3371
2.16774e-10  31.3371
2.13691e-10  31.3371
2.10651e-10  31.3371
2.07654e-10  31.3371
2.047e-10  31.3371
2.01788e-10  31.3371
1.98917e-10  31.3371
1.96088e-10  31.3371
1.93298e-10  31.3371
1.90548e-10  31.3371
1.87838e-10  31.3371
1.85165e-10  31.3371
1.82531e-10  31.3371
1.79935e-10  31.3371
1.77375e-10  31.3371
1.74852e-10  31.3371
1.72364e-10  31.3371
1.69912e-10  31.3371
1.67495e-10  31.3371
1.65112e-10  31.3371
1.62763e-10  31.3371
1.60448e-10  31.3371
1.58165e-10  31.3371
1.55915e-10  31.3371
1.53697e-10  31.3371
1.51511e-10  31.3371
1.49356e-10  31.3371
1.47231e-10  31.3371
1.45136e-10  31.3371
1.43072e-10  31.3371
1.41036e-10  31.3371
1.3903e-10  31.3371
1.37052e-10  31.3371
1.35102e-10  31.3371
1.33181e-10  31.3371
1.31286e-10  31.3371
1.29418e-10  31.3371
1.27577e-10  31.3371
1.25762e-10  31.3371
1.23973e-10  31.3371
1.2221e-10  31.3371
1.20471e-10  31.3371
1.18757e-10  31.3371
1.17068e-10  31.3371
1.15402e-10  31.3371
1.13761e-10  31.3371
1.12142e-10  31.3371
1.10547e-10  31.3371
1.08974e-10  31.3371
1.07424e-10  31.3371
1.05896e-10  31.3371
1.0439e-10  31.3371
1.02905e-10  31.3371
1.01441e-10  31.3371
9.99975e-11  31.3371
